U05566      
0.00,325.000
0.02,325.000
0.04,325.000
0.06,325.000
0.08,325.000
0.10,325.000
0.12,325.000
0.14,325.000
0.16,325.000
0.18,325.000
0.20,325.000
0.22,325.000
0.24,325.000
0.26,325.000
0.28,325.000
0.30,325.000
0.32,325.000
0.34,325.000
0.36,325.000
0.38,325.000
0.40,325.000
0.42,325.000
0.44,325.000
0.46,325.000
0.48,325.000
0.50,325.000
0.52,325.000
0.54,325.000
0.56,325.000
0.58,325.000
0.60,325.000
0.62,325.000
0.64,325.000
0.66,325.000
0.68,325.000
0.70,325.000
0.72,325.000
0.74,325.000
0.76,325.000
0.78,325.000
0.80,325.000
0.82,325.000
0.84,325.000
0.86,325.000
0.88,325.000
0.90,325.000
0.92,325.000
0.94,325.000
0.96,325.000
0.98,325.000
1.00,325.000
1.02,325.000
1.04,325.000
1.06,325.000
1.08,325.000
1.10,325.000
1.12,325.000
1.14,325.000
1.16,325.000
1.18,325.000
1.20,325.000
1.22,325.000
1.24,325.000
1.26,325.000
1.28,325.000
1.30,325.000
1.32,325.000
1.34,325.000
1.36,325.000
1.38,325.000
1.40,325.000
1.42,325.000
1.44,325.000
1.46,325.000
1.48,325.000
1.50,325.000
1.52,325.000
1.54,325.000
1.56,325.000
1.58,325.000
1.60,325.000
1.62,325.000
1.64,325.000
1.66,325.000
1.68,325.000
1.70,325.000
1.72,325.000
1.74,325.000
1.76,325.000
1.78,325.000
1.80,325.000
1.82,325.000
1.84,325.000
1.86,325.000
1.88,325.000
1.90,325.000
1.92,325.000
1.94,325.000
1.96,325.000
1.98,325.000
2.00,325.000
2.02,325.000
2.04,325.000
2.06,325.000
2.08,325.000
2.10,325.000
2.12,325.000
2.14,325.000
2.16,325.000
2.18,325.000
2.20,325.000
2.22,325.000
2.24,325.000
2.26,325.000
2.28,325.000
2.30,325.000
2.32,325.000
2.34,325.000
2.36,325.000
2.38,325.000
2.40,325.000
2.42,325.000
2.44,325.000
2.46,325.000
2.48,325.000
2.50,325.000
2.52,325.000
2.54,325.000
2.56,325.000
2.58,325.000
2.60,325.000
2.62,325.000
2.64,325.000
2.66,325.000
2.68,325.000
2.70,325.000
2.72,325.000
2.74,325.000
2.76,325.000
2.78,325.000
2.80,325.000
2.82,325.000
2.84,325.000
2.86,325.000
2.88,325.000
2.90,325.000
2.92,325.000
2.94,325.000
2.96,325.000
2.98,325.000
3.00,325.000
3.04, 16.246
3.08,  7.510
3.12,  4.632
3.16,  3.215
3.20,  2.385
3.24,  1.845
3.28,  1.473
3.32,  1.201
3.36,  0.998
3.40,  0.842
3.44,  0.718
3.48,  0.618
3.52,  0.537
3.56,  0.470
3.60,  0.413
3.64,  0.366
3.68,  0.326
3.72,  0.291
3.76,  0.262
3.80,  0.236
3.84,  0.214
3.88,  0.195
3.92,  0.177
3.96,  0.162
4.00,  0.148
4.10,  0.120
4.20,  0.099
4.30,  0.085
4.40,  0.073
4.50,  0.061
4.60,  0.052
4.70,  0.000
4.80,  0.000
4.90,  0.000
5.00,  0.000
5.10,  0.000
5.20,  0.000
5.30,  0.000
5.40,  0.000
5.50,  0.000
5.60,  0.000
